7
11
13
17
19
20
21
22
23
25
42
53
67
68
69
79
80
88
110
111
123
135
137
138
139
143
161
162
179
194
389
427
443
444
445
465
500
512
513
514
515
520
548
554
587
591
623
631
636
873
990
993
995
1000
1080
1194
1337
1433
1434
1521
1720
1812
1813
2000
2049
2082
2083
2181
2222
2379
2380
2483
2484
3000
3260
3306
3333
3389
3690
4000
4369
4444
5000
5001
5002
5003
5004
5005
5432
5555
5601
5672
5900
5984
6000
6063
6379
6660
6666
6669
6697
7000
7001
7002
7071
7777
8000
8001
8002
8003
8004
8005
8008
8010
8080
8081
8082
8083
8084
8085
8086
8087
8088
8089
8090
8091
8099
8443
8880
8888
9000
9001
9042
9200
9300
9999
10000
10050
10051
11211
15672
20000
25565
27015
27017
27018
27019
28017
30000
33389
40000
50000
50070
50075
54321
61616
